0111110000000000000000000000000000000100000000000000000000000000000000000100000001000000000000011111
1011111000000000000000000000000000000000000000000000000000000000000000000000000000000000000000001111
1101111100000000000000000000000000000000000000000000000000000000000000000000000000000000000000000111
1110111110000000000000000000000000000000000000000000000000000000000000000000000000000000001000000011
1111011111000000000000000000000000000000000000000000000000000000000000000000000000000000000000000001
1111101111100000000000000000000000000000000000000000000000000000000000000000100000000000000000000000
0111110111110000000000000000000000000000000000000000000000000000000000000000000000001000000000000000
0011111011111000000000000000000000000000000000000000000000000000000000000000000000000000000000000000
0001111101111100000000000000000000000000000000000000000000000000000000000000000000000000000000000000
0000111110111110000000000000000000000000000000000000000000000000000000000000000000000000000000000000
0000011111011111000000000000000000000000000000000000000000000000000000000000000000000000000000000000
0000001111101111100000000000000000000000000000000000000000000000000000000000000000000000000000000000
0000000111110111110000000000000000000000000000000000000000000000000000000000000001000000000000000000
0000000011111011111000000000000000000000000000000000000000000000000010000000000000000000000000000000
0000000001111101111100000000000000000000000000000000000000100000000000000000000000000000000000000000
0000000000111110111110000000000000000000000000000000000000000000000000000000000000000000000000000000
0000000000011111011111000000000000000000000000000000000000000000000000000000000000000000000000000000
0000000000001111101111100000000000000000000000000000000000000000000000000000000000000000000000000000
0000000000000111110111110000000000000000000000000000000000000000000000010000000000000000000000000000
0000000000000011111011111000000000000000000000000000000000000010000000000000000000000000000000000000
0000000000000001111101111100000000000000000000000000000000000000000000000000000000000000000000000000
0000000000000000111110111110000000000000000000000000000000000000000000000000000000000000000000000000
0000000000000000011111011111000000000000000000000000000000000000000000000000000000000000000000000000
0000000000000000001111101111101000000000000000000000000000000000000000000000000000000000000000000000
0000000000000000000111110111110000000000000000000000000000000000000000000000000000000000000000100000
0000000000000000000011111011111000000000000000000000000000000000000000000000000000000000000000000000
0000000000000000000001111101111100000000000000000000000000000000000000000000000000000000000000000000
0000000000000000000000111110111110000000000000000000000000000000000000000000000000000000000000000000
0000000000000000000000011111011111000000000000000000000000000000000000000000000000000000000000000000
0000000000000000000000001111101111100000000000000000000000000000000000000100000000000000000000000000
0000000000000000000000010111110111110000000000010000000000000000000000000000000000000000000000000000
0000000000000000000000000011111011111000000000000000000000000000000000000000000000000000000000000000
0000000000000000000000000001111101111100000000000000000000000000000000000000000000000000000000000000
0000000000000000000000000000111110111110000000000000000000000000000000000000000000000000000000000000
0000000000000000000000000000011111011111000000000000000000000000000000000000000000000000000000000000
0000000000000000000000000000001111101111100000000000000000000000000000000000000000010000000000000000
0000000000000000000000000000000111110111110000000000000000000000000000000000000000000000000000000000
1000000000000000000000000000000011111011111000000000000000000000000000000000000000000000000000000000
0000000000000000000000000000000001111101111100000000000000000000000000000000000000000000000000000001
0000000000000000000000000000000000111110111110000000000000000000000000000000000000000000000000000000
0000000000000000000000000000000000011111011111000000000000000000000000000000000000000000000000000000
0000000000000000000000000000000000001111101111100000000000000000000000000000000000000000000000000000
0000000000000000000000000000000000000111110111110000000000000000000000000000000000000000000000000000
0000000000000000000000000000000000000011111011111000000000000000000000000000000000000000010000000000
0000000000000000000000000000000000000001111101111100000000000000000000000000000000000000000000000000
0000000000000000000000000000000000000000111110111110100000000000000000000000000000000000000000000000
0000000000000000000000000000000000000000011111011111000000000000000000000000000000000000000000000000
0000000000000000000000000000001000000000001111101111100000000000000000000000000000000000000000000000
0000000000000000000000000000000000000000000111110111110000000000000000010000000000000000000000000000
0000000000000000000000000000000000000000000011111011111000000000000000000000000000000000000000000000
0000000000000000000000000000000000000000000001111101111100000000000000000000000000000000000000000000
0000000000000000000000000000000000000000000000111110111110000000000000000000000000000000000000000000
0000000000000000000000000000000000000000000001011111011111000000000000000000000000000000000000000000
0000000000000000000000000000000000000000000000001111101111100000000000000000000000000000000000000000
0000000000000000000000000000000000000000000000000111110111110000000000000000000000000000000000000000
0000000000000000000000000000000000000000000000000011111011111000000000000000000000000000000000010000
0000000000000000000000000000000000000000000000000001111101111100000000000000000000000000000000000000
0000000000000000000000000000000000000000000000000000111110111110000000000000000000000000000000000000
0000000000000010000000000000000000000000000000000000011111011111000000000000000000000000000000000000
0000000000000000000000000000000000000000000000000000001111101111100000000000000000000000000000000000
0000000000000000000000000000000000000000000000000000000111110111110000000000000000000000000000000000
0000000000000000000000000000000000000000000000000000000011111011111000000000000000000000000000000000
0000000000000000000100000000000000000000000000000000000001111101111100000000000000000000000000000000
0000000000000000000000000000000000000000000000000000000000111110111110000000000000000000000000000000
0000000000000000000000000000000000000000000000000000000000011111011111000000000000000000000000000000
0000000000000000000000000000000000000000000000000000000000001111101111100000000000000000000000000000
0000000000000000000000000000000000000000000000000000000000000111110111110000000000000100000000000000
0000000000000000000000000000000000000000000000000000000000000011111011111000000000000000000000000000
0000000000000100000000000000000000000000000000000000000000000001111101111100000000000000000000000000
0000000000000000000000000000000000000000000000000000000000000000111110111110000000000000000000000000
0000000000000000000000000000000000000000000000000000000000000000011111011111000000000000000000000000
0000000000000000001000000000000000000000000000001000000000000000001111101111100000000000000000000000
0000000000000000000000000000000000000000000000000000000000000000000111110111110000000000000000000000
1000000000000000000000000000010000000000000000000000000000000000000011111011111000000000000000000000
0000000000000000000000000000000000000000000000000000000000000000000001111101111100000000000000000000
0000000000000000000000000000000000000000000000000000000000000000000000111110111110000000000000000000
0000010000000000000000000000000000000000000000000000000000000000000000011111011111000000000000000000
0000000000000000000000000000000000000000000000000000000000000000000000001111101111100000000000000000
0000000000000000000000000000000000000000000000000000000000000000000000000111110111110000000000000000
0000000000000000000000000000000000000000000000000000000000000000000000000011111011111000000000000000
0000000000000000000000000000000000000000000000000000000000000000000000000001111101111100000000000000
1000000000001000000000000000000000000000000000000000000000000000000000000000111110111110000000000000
0000000000000000000000000000000000000000000000000000000000000000000000000000011111011111000000000000
0000000000000000000000000000000000010000000000000000000000000000000000000000001111101111100000000000
0000001000000000000000000000000000000000000000000000000000000000000000000000000111110111110000000000
0000000000000000000000000000000000000000000000000000000000000000001000000000000011111011111000000000
0000000000000000000000000000000000000000000000000000000000000000000000000000000001111101111100000000
0000000000000000000000000000000000000000000000000000000000000000000000000000000000111110111110000000
0000000000000000000000000000000000000000000000000000000000000000000000000000000000011111011111000000
0000000000000000000000000000000000000000000100000000000000000000000000000000000000001111101111100000
0001000000000000000000000000000000000000000000000000000000000000000000000000000000000111110111110000
0000000000000000000000000000000000000000000000000000000000000000000000000000000000000011111011111000
0000000000000000000000000000000000000000000000000000000000000000000000000000000000000001111101111100
0000000000000000000000000000000000000000000000000000000000000000000000000000000000000000111110111110
0000000000000000000000001000000000000000000000000000000000000000000000000000000000000000011111011111
1000000000000000000000000000000000000000000000000000000100000000000000000000000000000000001111101111
1100000000000000000000000000000000000000000000000000000000000000000000000000000000000000000111110111
1110000000000000000000000000000000000000000000000000000000000000000000000000000000000000000011111011
1111000000000000000000000000000000000000000000000000000000000000000000000000000000000000000001111101
1111100000000000000000000000000000000010000000000000000000000000000000000000000000000000000000111110